 11847 14 3  8.837 +54 17 13.210 278.797  955.520  343.315 22.202 0.023 0.5180  0.0550 
 15574 14 3  7.127 +54 17  3.790 375.028  839.670  434.390 21.745 0.039 0.7840  0.0790 
 17867 14 3 10.547 +54 16 54.120 327.769 1096.264  488.428 21.906 0.017 0.4890  0.0560 
 19646 14 3  7.606 +54 16 51.860 323.505  884.815  529.661 22.125 0.031 0.4690  0.0230 
 20101 14 3  4.121 +54 16 53.660 301.450  630.333  541.294 22.212 0.026 0.7030  0.0530 
 20855 14 3 10.783 +54 16 45.390 339.800 1121.022  558.962 22.190 0.026 0.7600  0.0380 
 23593 14 3  8.969 +54 16 39.230 375.068  994.737  623.863 21.824 0.038 0.6190  0.0480 
 23699 14 3  0.713 +54 16 46.390 269.624  389.271  627.473 22.101 0.040 0.8050  0.2050 
 23734 14 3  0.42  +54 16 46.580 328.050  367.864  628.169 21.572 0.049 0.5610  0.0920 
 24253 14 3  4.362 +54 16 41.550 344.309  658.342  639.815 21.787 0.021 0.6640  0.0460 
 24555 14 3 10.021 +54 16 35.520 278.777 1074.337  646.583 22.124 0.018 0.4550  0.0630 
 25199 14 3  2.056 +54 16 41.040 317.264  491.417  661.665 22.238 0.030 0.6590  0.1230 
 25721 14 3 12.246 +54 16 30.170 364.232 1240.527  673.906 21.902 0.019 0.4040  0.0450 
 25838 14 3  8.841 +54 16 32.980 245.271  990.950  676.706 22.085 0.049 0.5440  0.0550 
 27677 14 3  1.512 +54 16 34.430 337.654  457.686  720.582 21.948 0.037 0.6340  0.0880 
 28296 14 3 11.51  +54 16 23.430 385.835 1192.975  735.376 21.669 0.031 0.7510  0.0410 
 28865 14 3  5.541 +54 16 27.240 362.219  756.423  749.437 21.655 0.033 0.4980  0.1000 
 29176 14 3  9.816 +54 16 22.510 328.699 1070.847  756.009 22.194 0.034 0.7160  0.0440 
 29413 14 3  2.297 +54 16 28.740 345.792  519.587  761.697 22.136 0.041 0.7330  0.0210 
 31939 14 3  5.279 +54 16 19.120 384.760  744.457  818.709 21.826 0.029 0.8050  0.0220 
 31945 14 3  6.572 +54 16 17.900 338.543  839.414  819.016 21.983 0.029 0.7110  0.0280 
 32590 14 3  3.527 +54 16 18.860 289.463  617.460  834.223 22.138 0.037 0.5850  0.0400 
 33155 14 3 10.028 +54 16 11.510 248.111 1095.800  845.552 21.907 0.019 0.4250  0.0680 
 33219 14 3  1.477 +54 16 19.100 314.346  468.451  847.881 22.093 0.048 0.7630  0.1010 
 34056 14 3  5.723 +54 16 12.850 297.024  782.113  867.317 22.033 0.036 0.5700  0.0810 
 34489 14 3  8.339 +54 16  9.390 248.446  975.088  875.998 22.610 0.031 0.4410  0.0470 
 36007 14 3  5.831 +54 16  7.660 299.977  794.525  909.507 22.023 0.031 0.6140  0.0540 
 36702 14 3  9.453 +54 16  2.380 398.800 1062.076  925.582 21.491 0.021 0.4460  0.0320 
 36691 14 3  4.86  +54 16  6.600 379.731  724.927  925.655 21.752 0.024 0.5030  0.0380 
 36972 14 3  6.124 +54 16  4.730 298.762  818.318  931.554 22.325 0.023 0.6750  0.0320 
 41818 14 3  1.5   +54 15 54.940 296.744  491.157 1047.936 22.292 0.058 0.6610  0.0900 
 42468 14 3  2.698 +54 15 51.920 327.929  580.716 1063.806 22.132 0.071 0.7250  0.0160 
 42919 14 3  1.804 +54 15 51.380 319.290  516.306 1075.084 22.041 0.037 0.6570  0.0410 
 43663 14 3  5.207 +54 15 46.210 385.614  767.849 1092.017 21.767 0.033 0.7390  0.0680 
 44423 14 3  6.503 +54 15 42.840 260.793  864.923 1110.031 22.168 0.039 0.5280  0.0720 
 46021 14 3  5.591 +54 15 39.070 301.970  801.972 1148.243 22.197 0.029 0.6570  0.0740 
 47808 14 3  3.456 +54 15 35.740 336.190  649.877 1192.133 22.022 0.026 0.6960  0.0220 
 47951 14 3  4.911 +54 15 34.030 333.456  756.958 1195.226 22.055 0.020 0.4080  0.0460 
 49407 14 3  2.091 +54 15 32.220 341.123  553.779 1231.712 22.123 0.039 0.7150  0.0410 
 50365 14 3  4.564 +54 15 26.870 324.473  738.020 1257.192 22.110 0.027 0.4280  0.0480 
 50506 14 3  1.705 +54 15 29.090 274.968  528.483 1260.618 21.763 0.334 0.4780  0.0670 
 13045 14 3  5.879 +54 17 12.320 313.172  741.662  373.281 21.936 0.018 0.4310  0.0260 
 13095 14 3  5.933 +54 17 12.150 319.110  745.722  374.224 22.123 0.023 0.6860  0.0420 
 15278 14 3  4.785 +54 17  6.870 297.600  667.048  426.737 21.761 0.013 0.6110  0.0320 
 15408 14 3  6.41  +54 17  5.000 340.642  786.555  429.841 21.628 0.052 0.7550  0.1300 
 17224 14 3 10.741 +54 16 55.750 364.770 1108.938  473.421 22.168 0.197 0.7490  0.0720 
 20427 14 3  2.847 +54 16 53.850 350.861  537.725  549.459 21.971 0.029 0.5150  0.0750 
 21559 14 3  5.271 +54 16 48.400 352.806  718.362  576.111 21.722 0.031 0.4700  0.0890 
 22286 14 3  5.558 +54 16 46.110 378.492  741.163  592.944 21.739 0.026 0.4230  0.1310 
 25070 14 3 10.263 +54 16 33.760 274.168 1093.494  659.372 22.221 0.059 0.6270  0.0340 
 27492 14 3  2.973 +54 16 33.630 260.833  564.456  716.088 21.490 0.058 0.6560  0.1100 
 28811 14 3  1.428 +54 16 31.220 261.804  454.389  747.797 22.405 0.037 0.7620  0.0680 
 28876 14 3  9.4   +54 16 23.780 276.807 1039.521  748.609 22.282 0.040 0.5240  0.0520 
 33226 14 3  2.937 +54 16 17.720 338.323  575.664  848.198 22.291 0.055 0.7810  0.0800 
 33240 14 3  8.135 +54 16 12.920 288.063  957.168  848.352 22.205 0.026 0.4670  0.0690 
 34605 14 3  3.331 +54 16 13.660 356.883  607.797  878.877 21.886 0.029 0.5870  0.0300 
 36562 14 3  4.406 +54 16  7.370 276.097  691.338  922.801 22.596 0.059 0.7860 -0.0180 
 39271 14 3  8.259 +54 15 56.360 361.043  980.627  984.586 21.721 0.055 0.7720  0.0300 
 41896 14 3  1.807 +54 15 54.380 311.258  513.882 1050.213 22.230 0.029 0.6280  0.0500 
 42151 14 3  3.403 +54 15 52.260 307.587  631.658 1055.631 22.098 0.034 0.6370  0.0180 
 44851 14 3  4.384 +54 15 43.540 247.498  710.459 1120.440 22.088 0.034 0.8050  0.0680 
 18405 14 3  5.283 +54 16 57.470 344.817  711.308  500.868 22.163 0.024 0.6820  0.0670 
 21395 14 3  3.633 +54 16 50.370 367.911  597.778  572.285 22.039 0.040 0.7600  0.1160 
 27162 14 3  4.907 +54 16 32.780 355.498  705.534  708.382 21.864 0.131 0.7330  0.0530 
 37322 14 3  8.446 +54 16  1.590 288.410  989.647  939.867 22.248 0.058 0.6550  0.0630 
 37620 14 3  6.081 +54 16  2.850 329.875  816.872  947.438 21.735 0.030 0.4220  0.0690 
 37662 14 3  3.017 +54 16  5.610 338.944  591.981  947.911 21.968 0.041 0.3530  0.0410 
 37700 14 3  1.469 +54 16  6.930 319.730  478.477  948.813 22.314 0.036 0.7550  0.0680 
 40160 14 3  2.67  +54 15 58.740 395.845  572.771 1007.515 21.868 0.035 0.7640  0.0330 
 20289 14 3 11.231 +54 16 46.660 304.033 1152.428  545.062 22.048 0.026 0.5350  0.0510 
 20366 14 3  9.903 +54 16 47.620 331.964 1055.260  547.215 22.039 0.036 0.7880  0.0310 
 20505 14 3  0.875 +54 16 55.510 343.548  393.132  550.728 22.136 0.032 0.6770  0.0470 
 23778 14 3  3.197 +54 16 43.880 381.218  571.775  629.374 21.302 0.013 0.4520  0.0300 
 35816 14 3  4.021 +54 16  9.810 374.285  661.207  905.517 21.851 0.046 0.7620  0.0550 
 25010 14 3  0.529 +54 16 42.890 328.819  379.003  657.934 21.994 0.026 0.4800  0.0820 
 38817 14 3  5.332 +54 16  0.300 382.158  764.653  974.272 22.215 0.042 0.7840  0.0650 
228917 14 3  0.191 +54 16 31.420 367.271  364.423  755.577 22.288 0.022 0.5600  0.0850 
233914 14 3  3.507 +54 16 14.710 305.631  619.615  868.772 22.135 0.042 0.6190  0.0250 
226605 14 3 11.688 +54 16 27.450 257.387 1202.393  700.734 22.647 0.037 0.8160  0.0650 
233920 14 3  5.396 +54 16 12.950 337.314  758.347  868.962 22.055 0.048 0.7120  0.0460 
223453 14 3  3.235 +54 16 44.150 243.515  574.279  626.880 22.631 0.042 0.6400  0.0270 
237325 14 3  6.0   +54 16  3.500 323.284  810.369  942.684 21.920 0.030 0.6610  0.0820 
215837 14 3  3.192 +54 17  6.320 310.555  551.859  443.473 22.013 0.025 0.5410  0.0920 
 12532 14 3  4.643 +54 17 15.040 258.625  649.591  360.134 21.573 0.028 0.5170  0.0360 
 16778 14 3 10.975 +54 16 56.940 355.140 1124.854  461.769 22.043 0.040 0.7920  0.0530 
 18926 14 3  3.756 +54 16 57.370 338.523  600.623  513.352 22.156 0.101 0.6050  0.0410 
 19449 14 3  8.907 +54 16 51.240 279.861  979.809  524.807 22.175 0.051 0.7500  0.0790 
 26909 14 3  4.38  +54 16 34.060 379.950  666.205  701.732 21.698 0.018 0.4450  0.0760 
 29869 14 3  9.1   +54 16 21.230 366.656 1020.003  772.064 22.028 0.031 0.6130  0.0560 
 30937 14 3  8.196 +54 16 19.150 257.584  956.163  796.184 22.502 0.033 0.7120  0.0800 
 49299 14 3  6.057 +54 15 28.890 337.734  844.674 1229.127 21.992 0.036 0.5760  0.0400 
 17382 14 3  3.041 +54 17  2.390 377.521  544.349  477.198 21.882 0.053 0.6850  0.0780 
 20975 14 3  3.503 +54 16 51.790 350.340  587.135  561.505 21.828 0.020 0.6830  0.0900 
 21375 14 3 11.448 +54 16 43.350 365.931 1171.073  570.756 22.031 0.033 0.7410  0.0600 
 26006 14 3  4.111 +54 16 36.750 351.389  644.293  681.491 22.083 0.043 0.6020  0.0480 
 27951 14 3  8.08  +54 16 27.620 379.713  940.383  726.883 21.874 0.039 0.6590  0.0450 
 32429 14 3  3.207 +54 16 19.690 375.208  593.540  829.775 21.595 0.023 0.4940  0.0870 
 33650 14 3  7.281 +54 16 12.650 353.190  895.398  857.039 22.099 0.037 0.7460  0.0350 
 45242 14 3  2.822 +54 15 43.890 320.756  596.750 1129.404 22.005 0.032 0.6480  0.0190 
 12281 14 3  5.44  +54 17 15.030 287.299  707.476  354.159 22.324 0.061 0.5900  0.0400 
 12577 14 3  4.888 +54 17 14.710 246.259  667.676  361.014 22.674 0.055 0.5650  0.1400 
 12634 14 3  8.439 +54 17 11.370 328.110  928.231  361.565 22.207 0.029 0.6280  0.0650 
 16718 14 3  3.394 +54 17  3.980 302.433  568.561  461.346 21.713 0.036 0.6260  0.0400 
 18123 14 3  6.445 +54 16 57.230 361.084  795.906  493.973 22.035 0.015 0.5410  0.0480 
 34120 14 3 10.004 +54 16  8.760 284.039 1096.473  868.486 21.870 0.022 0.5710  0.0080 
 41641 14 3  1.389 +54 15 55.550 289.503  482.509 1043.684 22.161 0.025 0.6750  0.0400 
 10101 14 3  8.127 +54 17 19.030 373.524  898.925  300.505 21.953 0.024 0.7280  0.0700 
 35354 14 3  2.34  +54 16 12.560 357.183  536.805  895.536 21.765 0.019 0.5620  0.0640 
 18797 14 3  7.11  +54 16 54.650 330.937  846.409  510.330 21.929 0.027 0.4170  0.0960 
 21372 14 3 10.197 +54 16 44.430 254.081 1079.374  571.380 22.438 0.033 0.6360  0.0910 
 30437 14 3  3.282 +54 16 25.000 368.813  594.375  785.187 22.165 0.047 0.7060  0.0290 
231480 14 3  8.529 +54 16 16.720 265.174  982.470  813.838 22.428 0.025 0.4750  0.0470 
 16727 14 3  8.194 +54 16 59.590 398.098  920.784  461.096 22.059 0.015 0.4780  0.0880 
 22118 14 3  5.701 +54 16 46.410 245.291  751.347  589.365 22.562 0.041 0.7210  0.0120 
 25236 14 3  5.262 +54 16 37.940 338.383  726.846  662.886 21.996 0.034 0.6600  0.0110 
 27540 14 3  7.108 +54 16 29.730 345.912  867.953  716.828 22.046 0.041 0.7480  0.0730 
 28772 14 3  2.072 +54 16 30.690 340.080  501.575  747.325 21.744 0.037 0.6620  0.0610 
 42109 14 3  3.648 +54 15 52.110 385.835  649.520 1055.004 21.668 0.036 0.5280  0.0500 
 19391 14 3  1.998 +54 16 57.700 391.168  472.748  523.955 21.856 0.027 0.7620  0.1180 
 20069 14 3  6.313 +54 16 51.810 276.727  791.009  539.883 22.513 0.039 0.5050  0.0270 
 30093 14 3 10.448 +54 16 19.440 294.498 1119.355  776.559 21.902 0.036 0.4630  0.0780 
 39332 14 3  0.392 +54 16  3.360 334.842  403.337  986.560 22.142 0.040 0.7450  0.0780 
 40236 14 3  0.145 +54 16  0.870 260.733  387.595 1009.100 22.108 0.037 0.5010  0.0740 
 15117 14 3  7.659 +54 17  4.680 355.381  877.519  422.966 21.664 0.025 0.5640  0.0320 
 17016 14 3  5.376 +54 17  1.370 296.431  714.733  467.848 21.771 0.045 0.6330  0.0380 
 23714 14 3 10.15  +54 16 37.770 265.174 1081.781  626.979 22.150 0.101 0.5060  0.1060 
 29029 14 3  0.894 +54 16 31.080 348.202  415.702  752.997 22.077 0.027 0.7760  0.0730 
 29292 14 3  0.717 +54 16 30.580 353.909  403.357  758.527 21.775 0.016 0.7330  0.0710 
 25881 14 3  5.915 +54 16 35.480 339.980  776.389  678.286 21.786 0.050 0.7150  0.0550 
 41352 14 3  1.016 +54 15 56.670 335.042  454.495 1037.294 21.892 0.028 0.7620  0.0880 
 45894 14 3  5.444 +54 15 39.560 393.071  790.885 1145.307 21.586 0.028 0.6780  0.0400 
 11472 14 3  7.869 +54 17 15.210 381.978  883.560  334.079 21.608 0.032 0.6470  0.0630 
 32035 14 3  5.169 +54 16 19.020 265.909  736.590  820.427 22.139 0.034 0.6200  0.0450 
 30187 14 3 10.489 +54 16 19.060 281.420 1122.688  779.403 22.316 0.032 0.4890  0.0750 
 25232 14 3  3.293 +54 16 39.770 371.442  582.292  662.731 22.339 0.024 0.4800  0.0350 
 15449 14 3  9.812 +54 17  1.700 392.410 1036.308  431.194 21.799 0.096 0.6400  0.0260 
 24839 14 3  1.74  +54 16 42.280 399.390  467.447  653.778 21.730 0.031 0.6670  0.0580 
 42552 14 3  4.376 +54 15 50.120 398.358  704.148 1065.964 22.252 0.020 0.4210  0.0670 
 24682 14 3  6.787 +54 16 38.140 388.352  837.330  649.573 21.474 0.043 0.6800  0.0310 
 29075 14 3  1.775 +54 16 30.150 298.422  480.527  754.009 21.862 0.025 0.4200  0.0350 
 17254 14 3  3.681 +54 17  2.240 374.365  590.901  473.560 22.084 0.028 0.7930  0.0350 
 46061 14 3  3.15  +54 15 41.280 342.466  622.838 1148.613 22.194 0.021 0.8000  0.0470 
 34387 14 3  7.171 +54 16 10.760 281.139  889.091  873.604 21.610 0.033 0.4800  0.0420 
 10620 14 3  8.756 +54 17 16.950 383.575  946.395  312.929 21.614 0.015 0.7270  0.0750 
 43917 14 3  4.969 +54 15 45.650 341.251  751.080 1098.474 21.866 0.041 0.4170  0.0470 
 21986 14 3  9.034 +54 16 43.760 280.428  995.553  585.816 22.280 0.041 0.7790  0.0270 
 32045 14 3  9.498 +54 16 14.970 355.180 1054.312  820.939 22.067 0.057 0.7260  0.0810 
 34391 14 3  9.272 +54 16  8.720 352.326 1043.369  874.434 22.019 0.025 0.5840  0.0450 
 15527 14 3  8.95  +54 17  2.230 243.041  973.282  433.420 23.216 0.245 0.5160  0.0790 
 20429 14 3  3.81  +54 16 53.000 379.713  608.309  549.129 22.117 0.020 0.6000  0.0690 
 25661 14 3  4.599 +54 16 37.350 362.801  679.229  672.875 21.793 0.054 0.6990  0.1040 
 24802 14 3  7.039 +54 16 37.470 318.970  856.213  653.200 21.943 0.026 0.5480  0.0340 
244560 14 3  3.434 +54 15 44.860 247.088  640.347 1116.696 22.501 0.022 0.4150  0.1150 
 22398 14 3  4.393 +54 16 46.770 338.483  656.036  596.363 22.035 0.014 0.4890  0.0510 
 34816 14 3  2.245 +54 16 14.090 281.974  528.544  883.570 22.171 0.033 0.4960  0.0600 
 19311 14 3  4.826 +54 16 55.300 384.500  680.099  522.325 21.414 0.066 0.7150  0.0650 
 22153 14 3  0.492 +54 16 51.120 337.914  369.127  589.996 22.353 0.068 0.7860  0.0690 
 14407 14 3 10.109 +54 17  4.440 303.221 1055.495  406.291 22.002 0.021 0.5100  0.0490 
 47483 14 3  3.472 +54 15 36.660 317.284  650.242 1184.414 22.230 0.040 0.4000  0.0510 
 35681 14 3  5.437 +54 16  8.750 319.070  764.983  903.454 22.090 0.050 0.6040  0.0730 
 40483 14 2 59.503 +54 16  0.790 328.519  341.092 1014.663 21.949 0.017 0.6100  0.0530 
 18589 14 3 11.323 +54 16 51.390 248.727 1155.001  505.080 22.903 0.030 0.4360  0.0660 
 27471 14 3 10.381 +54 16 26.960 320.636 1107.995  714.793 21.878 0.034 0.5260  0.0200 
 15413 14 3  9.185 +54 17  2.450 281.734  990.148  429.817 22.710 0.018 0.5320  0.0780 
 23839 14 3  9.695 +54 16 37.810 394.423 1048.723  630.073 22.216 0.053 0.5050  0.0730 
 36829 14 3  2.468 +54 16  8.360 296.984  549.731  929.345 22.374 0.038 0.7530  0.0460 
 14898 14 3  4.591 +54 17  8.090 292.702  651.860  418.108 22.011 0.020 0.6940  0.1310 
 34203 14 3  1.932 +54 16 15.980 292.842  504.177  870.227 22.022 0.020 0.7020  0.0470 
 38687 14 3  4.794 +54 16  1.140 344.817  724.905  971.477 21.967 0.025 0.7280  0.0660 
 17350 14 3  6.194 +54 16 59.660 343.688  775.578  475.759 22.097 0.078 0.7890  0.0420 
 36831 14 3  3.181 +54 16  7.720 246.239  602.051  929.218 22.345 0.018 0.6290  0.0530 
 14139 14 3  9.714 +54 17  5.540 340.482 1025.836  400.131 21.897 0.048 0.5960  0.0410 
 12766 14 3  7.964 +54 17 11.240 378.592  893.869  366.284 21.818 0.037 0.6940  0.0280 
 20699 14 3 10.204 +54 16 46.370 326.167 1078.197  555.262 21.852 0.047 0.5870  0.0510 
 26333 14 3 10.531 +54 16 30.000 329.494 1116.168  688.412 22.231 0.047 0.5620  0.0410 
 31018 14 3  7.534 +54 16 19.540 371.402  907.747  798.043 21.837 0.031 0.5320  0.0740 
 31854 14 3  1.619 +54 16 22.740 382.018  475.609  816.650 21.856 0.017 0.7780  0.0690 
 20394 14 3  7.52  +54 16 49.730 269.303  880.457  547.986 22.351 0.035 0.6450  0.0600 
 25252 14 3 10.953 +54 16 32.680 298.101 1144.494  662.977 21.910 0.035 0.5100  0.0830 
 26000 14 3  1.5   +54 16 39.160 360.563  452.701  681.473 21.594 0.040 0.4380  0.0340 
 32299 14 3  4.316 +54 16 18.960 292.942  674.695  827.420 21.954 0.021 0.4110  0.1000 
 38287 14 3  8.473 +54 15 58.950 306.111  993.873  961.528 21.811 0.037 0.5890  0.1000 
 22370 14 3  9.594 +54 16 42.130 270.130 1037.566  595.084 21.841 0.044 0.6590  0.0680 
 27684 14 3  5.338 +54 16 30.870 324.993  738.495  720.867 22.104 0.032 0.6170  0.0370 
 23917 14 3  4.962 +54 16 41.890 281.440  701.590  632.436 22.110 0.173 0.5760 -0.0130 
 37669 14 3  6.414 +54 16  2.430 258.404  841.357  948.426 22.299 0.031 0.6560  0.0730 
 19241 14 3  7.901 +54 16 52.720 281.834  905.468  520.243 22.339 0.032 0.4560  0.0510 
 47480 14 3  2.68  +54 15 37.460 278.077  591.999 1183.819 22.399 0.034 0.5680  0.0360 
 44543 14 3  2.828 +54 15 45.850 365.250  595.462 1113.112 21.871 0.038 0.6090  0.0430 
229157 14 3  5.083 +54 16 26.360 334.081  723.916  760.198 22.063 0.119 0.7360  0.0120 
 25314 14 3  5.218 +54 16 37.740 355.140  723.770  664.848 21.834 0.025 0.6220  0.0490 
 32438 14 3  6.03  +54 16 17.050 288.123  800.749  830.134 22.418 0.038 0.6240  0.0670 
230072 14 3  5.83  +54 16 23.030 380.350  781.048  782.127 22.238 0.072 0.6000  0.0220 
 12460 14 3  7.611 +54 17 12.550 264.382  867.180  358.132 22.229 0.072 0.6260  0.0760 
 33105 14 3  8.627 +54 16 12.880 267.773  992.898  844.891 22.177 0.020 0.5970  0.0550 
 40818 14 3  5.318 +54 15 54.550 267.753  768.645 1022.045 22.761 0.030 0.4720  0.0700 
 23431 14 3 11.555 +54 16 37.240 268.890 1184.209  620.630 22.003 0.028 0.4250  0.0510 
 14943 14 3  5.302 +54 17  7.310 377.442  704.146  419.168 21.891 0.023 0.7680  0.0630 
 49294 14 3  3.466 +54 15 31.320 284.219  654.424 1228.739 22.267 0.032 0.5190  0.0120 
 38858 14 3  6.763 +54 15 58.850 243.755  869.877  975.438 22.402 0.035 0.7460  0.0510 
 13296 14 3  5.98  +54 17 11.520 323.426  749.666  379.083 21.742 0.018 0.5980  0.0470 
 24746 14 3  1.121 +54 16 43.110 280.102  421.748  651.577 22.198 0.055 0.4810  0.0320 
 25231 14 3  2.869 +54 16 40.180 306.677  551.155  662.547 21.828 0.019 0.6240  0.0450 
 24273 14 3 11.35  +54 16 35.160 336.074 1171.166  639.442 21.891 0.031 0.4220  0.0580 
 28875 14 3  9.304 +54 16 23.810 360.984 1032.532  749.130 21.675 0.028 0.6330  0.0390 
 23670 14 3  0.644 +54 16 46.750 274.309  384.006  625.006 22.352 0.043 0.5610  0.0520 
 15962 14 3  6.535 +54 17  3.280 370.564  797.112  443.146 21.884 0.026 0.6300  0.0190 
 35901 14 3  1.82  +54 16 11.570 327.929  499.893  907.631 21.250 0.029 0.4450  0.0380 
 26050 14 3  5.788 +54 16 35.070 366.196  767.514  682.620 21.804 0.035 0.6180  0.0260 
216016 14 3  3.735 +54 17  5.400 331.223  592.109  446.936 21.839 0.051 0.4040  0.0640 
 36019 14 3  9.014 +54 16  4.650 339.519 1028.185  910.096 22.142 0.055 0.7550  0.0800 
